2
0 0 0
25 25 25
2
-4 4 -13
50000 50000 50000
4 4 -13
40000 40000 40000
5
#Material 1
1 1 1 
1 1 1 
1 1 1 100 
0 0 0 		
#Material 2
1 1 1 
1 0 0 
1 1 1 100 
1 1 1 		
#Material 3
1 1 1 
0 1 0 
1 1 1 100 
0 0 0 		
#Material 4
1 1 1 
0.2 0.2 0.2 
0 0 0 1 
1 1 1 		
#Material 5
1 1 1 
0.1 0.9 0.9 
0 0 0 1 
0 0 0 
9
#Vertex Data
-10 -0.8 0
10 -0.8 0
-10 -0.8 -100
10 -0.8 -100
0 -0.2 -17
0.5 -0.5 -15
1.0 -0.5 -16
-1.0 -0.5 -13
-0.8 -0.5 -12 
6
#Mesh 1
2
4
1 2 3
3 2 4
#Sphere 1
2 
0.6 
5	
#Sphere 2
5 
0.3 
6
#Sphere 3
3 
0.3 
7
#Sphere 4
1 
0.3 
8
#Sphere 5
5 
0.3 
9					
